'_id','Seat1','Seat2','Seat3','Seat4','Seat5','Seat6','Seat7','Seat8','Seat9','Seat10','Seat11','Seat1Enabled','Seat2Enabled','Seat3Enabled','Seat4Enabled','Seat5Enabled','Seat6Enabled','Seat7Enabled','Seat8Enabled','Seat9Enabled','Seat10Enabled','Seat11Enabled','tablename','isCurrent'
326,5643,5644,5645,5646,5647,5648,5649,5650,5651,0,,1,1,1,1,1,1,1,1,1,0,0,Default,0
327,5643,28,5645,5646,5647,5648,318,5650,5651,0,,1,0,1,1,1,1,1,1,1,0,0,Default,0
328,5643,5644,5645,5646,5647,5648,318,5649,5650,0,,1,1,1,1,1,1,1,1,1,0,0,Default,0
329,5643,318,5645,5646,5647,5648,5644,5649,5650,0,,1,1,1,1,1,1,1,1,1,0,0,Default,0
330,1652,5656,5644,3819,5652,4570,4960,318,28,0,,1,1,1,1,1,1,1,1,1,0,0,Default,0
331,390,5464,318,2064,5657,286,28,473,5505,0,,1,1,1,1,1,1,1,1,1,0,0,Default,0
332,5654,5655,28,5659,5660,5661,5662,5658,5663,0,,1,1,1,1,1,1,1,1,1,0,0,Default,0
333,5665,5658,28,5659,5660,5661,318,5664,5667,0,,1,1,1,1,1,1,1,1,1,0,0,Default,0
334,28,5668,5659,5669,318,5671,5672,5673,5674,0,,1,1,1,1,1,1,1,1,1,0,0,Default,0
335,5452,420,28,2711,3819,5659,303,318,5670,0,,1,1,1,1,1,1,1,1,1,0,0,Default,0
336,5452,420,28,2711,3819,5659,303,318,5670,0,,1,1,1,1,1,1,1,1,1,0,0,,0
337,5452,420,28,2711,3819,5659,303,318,5670,0,,1,1,1,1,1,1,1,1,1,0,0,,0
338,303,5677,318,2991,5676,3496,28,5675,358,0,,1,1,1,1,1,1,1,1,1,0,0,Default,0
339,303,5677,318,2991,5676,3496,28,5675,358,0,,1,1,1,1,1,1,1,1,1,0,0,,0
340,303,5677,318,2991,5676,3496,28,5675,358,0,,1,1,1,1,1,1,1,1,1,0,0,,0
341,303,5677,318,2991,5676,3496,28,5675,358,0,,1,1,1,1,1,1,1,1,1,0,0,,0
342,5676,5678,5682,5683,5684,5685,28,5686,5687,0,,1,1,1,0,1,0,1,1,1,0,0,Default,0
343,5676,5678,5682,0,5684,0,28,5686,5687,0,,1,1,1,0,1,0,1,1,1,0,0,,0
344,5676,5678,5682,5683,5685,5688,28,5689,5690,0,,1,1,1,1,1,1,1,1,1,0,0,Default,0
345,2991,28,318,5676,5688,5682,3496,38,5434,0,,1,1,1,1,1,1,1,1,1,0,0,Default,0
346,2991,28,318,5676,5688,5682,3496,38,5434,0,,1,1,1,1,1,1,1,1,1,0,0,,0
347,2991,5683,28,5685,5282,212,38,3865,464,0,,1,1,1,1,1,1,1,1,1,0,0,Default,0
348,5685,5689,28,5690,5691,5692,5693,5694,5695,0,,1,1,1,1,1,1,1,1,1,0,0,Default,0
349,38,212,318,5690,5691,5692,2991,28,5695,0,,1,1,1,1,1,1,1,1,1,0,0,Default,0
350,5676,5683,28,5685,5282,5690,5691,3865,5693,0,,1,1,1,1,1,1,1,1,1,0,0,,0
351,5676,5683,28,5685,5282,5690,5691,3865,5693,0,,1,1,1,1,1,1,1,1,1,0,0,,0
352,5685,5689,28,5691,5692,318,5694,5695,5696,0,,1,1,1,1,1,1,1,1,1,0,0,Default,0
353,5694,318,5685,5691,5692,5693,28,5695,5696,0,,1,1,1,1,1,1,1,1,1,0,0,Default,0
354,5685,5689,28,5693,5694,5695,5692,5696,5697,0,,1,1,1,1,1,1,1,1,1,0,0,Default,0
355,28,5693,318,5694,4114,5696,2711,3865,5692,0,,1,1,1,1,1,1,1,1,1,0,0,Default,0
356,5692,5693,5694,5695,5696,5698,5699,5700,5701,0,,1,1,1,1,1,1,1,1,1,0,0,Default,0
357,5692,5693,5694,5695,5696,5698,5699,5700,5701,0,,1,1,1,1,1,1,1,1,1,0,0,Default,0
358,5692,5693,5694,5695,5696,5698,5699,5700,5701,0,,1,1,1,1,1,1,1,1,1,0,0,Default,0
359,5692,5693,5694,5695,5696,5698,5699,5700,5701,0,,1,1,1,1,1,1,1,1,1,0,0,Default,0
360,5692,5693,5694,5695,1639,5698,28,5700,5701,0,,1,1,1,1,1,1,1,1,1,0,0,Default,0
361,5692,28,5696,5699,5700,5701,5694,5702,5703,0,,1,1,1,1,1,1,1,1,1,0,0,Default,0
362,5694,5696,28,5699,5700,5701,318,3867,2991,0,,1,1,1,1,1,1,1,1,1,0,0,Default,0
363,5696,5699,28,5700,5701,5703,5704,5705,5706,0,,1,1,1,1,1,1,1,1,1,0,0,Default,0
364,5696,5699,28,5700,5701,5704,5705,5706,5707,0,,1,1,1,1,1,1,1,1,1,0,0,Default,0
365,5696,5699,28,5700,5701,5704,5705,5706,5707,0,,1,1,1,1,1,1,1,1,1,0,0,Default,0
366,5699,5700,28,5704,5705,5707,5708,5709,5710,0,,1,1,1,1,1,1,1,1,1,0,0,Default,0
367,5699,5700,28,5704,5705,5707,5708,5709,5710,0,,1,1,1,1,1,1,1,1,1,0,0,Default,0
368,5699,5700,28,5704,5705,5707,5708,5709,5710,0,,1,1,1,1,1,1,1,1,1,0,0,Default,0
369,5699,5700,28,5704,5705,5707,5708,5709,5710,0,,1,1,1,1,1,1,1,1,1,0,0,Default,0
370,5699,5700,28,5704,5705,5707,5708,5709,5710,0,,1,1,1,1,1,1,1,1,1,0,0,Default,0
371,5699,5700,28,5704,5705,5707,5708,5709,5710,0,,1,1,1,1,1,1,1,1,1,0,0,Default,0
372,5699,5700,28,5704,5705,5707,5708,5709,5710,0,,1,1,1,1,1,1,1,1,1,0,0,Default,0
373,5699,5700,28,5704,5705,5707,5708,5709,5710,0,,1,1,1,1,1,1,1,1,1,0,0,Default,0
374,5699,5700,28,5704,5705,5707,5708,5709,5710,0,,1,1,1,1,1,1,1,1,1,0,0,Default,0
375,5699,5700,28,5704,5705,5707,5708,5709,5710,0,,1,1,1,1,1,1,1,1,1,0,0,Default,0
376,5699,5700,28,5704,5705,5707,5708,5709,5710,0,,1,1,1,1,1,1,1,1,1,0,0,Default,0
377,5699,5700,28,5704,38,5707,318,5709,248,0,,1,1,1,1,1,1,1,1,1,0,0,Default,0
378,5699,5700,2037,5704,5705,5707,1249,28,5710,0,,1,1,1,1,1,1,1,1,1,0,0,Default,0
379,5699,5700,5704,5705,5707,5708,5709,28,5710,0,,1,1,1,1,1,1,1,1,1,0,0,Default,0
380,5699,5700,5704,5705,5707,406,28,5709,5710,0,,1,1,1,1,1,1,1,1,1,0,0,Default,0
381,5699,5700,5704,5705,5707,406,28,5709,5710,0,,1,1,1,1,1,1,1,1,1,0,0,,0
382,5700,5705,5708,5709,5710,406,28,473,5713,0,,1,1,1,1,1,1,1,1,1,0,0,Default,0
383,5700,5705,5708,5709,5710,406,28,473,5713,0,,1,1,1,1,1,1,1,1,1,0,0,,0
384,5705,5708,5710,5711,5712,5713,28,5714,5715,0,,1,1,1,1,1,1,1,1,1,0,0,Default,0
385,190,5708,28,5711,5496,5666,5196,318,303,0,,1,1,1,1,1,1,1,1,1,0,0,Default,0
386,5705,5708,28,5710,5711,5712,5713,5714,5715,0,,1,1,1,1,1,1,1,1,1,0,0,Default,0
387,5705,5708,28,5710,5711,5712,5713,5714,5715,0,,1,1,1,1,1,1,1,1,1,0,0,Default,0
388,5705,5708,28,5710,5711,5712,5713,5714,5715,0,,1,1,1,1,1,1,1,1,1,0,0,Default,0
389,5705,5708,28,5710,5711,5712,5713,5714,5715,0,,1,1,1,1,1,1,1,1,1,0,0,Default,0
390,5705,5708,28,5710,5711,5712,5713,5714,5715,0,,1,1,1,1,1,1,1,1,1,0,0,Default,0
391,5705,5708,28,5710,5711,5712,5713,5714,5715,0,,1,1,1,1,1,1,1,1,1,0,0,Default,0
392,5705,5708,28,5710,5711,5712,5713,5714,5715,0,,1,1,1,1,1,1,1,1,1,0,0,Default,0
393,5705,5708,28,5710,5711,5712,5713,5714,5715,0,,1,1,1,1,1,1,1,1,1,0,0,Default,0
394,5705,5708,28,5710,5711,5712,5713,5714,5715,0,,1,1,1,1,1,1,1,1,1,0,0,Default,0
395,5705,5708,28,5710,5711,5712,5713,5714,5715,0,,1,1,1,1,1,1,1,1,1,0,0,Default,0
396,5705,5708,28,5710,5711,5712,5713,5714,5715,0,,1,1,1,1,1,1,1,1,1,0,0,Default,0
397,5705,5708,28,5710,286,5712,5713,5711,5714,0,,1,1,1,1,1,1,1,1,1,0,0,Default,0
398,5705,5708,28,5710,286,5712,5713,0,0,0,,1,1,1,1,1,1,1,0,0,0,0,,0
399,5666,1639,1652,2991,28,318,5715,464,5718,0,,1,1,1,1,1,1,1,1,1,0,0,Default,0
400,303,28,2991,5713,5716,5714,318,5708,5717,0,,1,1,1,1,1,1,1,1,1,0,0,Default,0
401,5705,318,28,5713,5710,5714,1652,2711,5717,0,,1,1,1,1,1,1,1,1,1,0,0,,0
402,5705,5708,28,5713,5710,5714,318,2711,5717,0,,1,1,1,1,1,1,1,1,1,0,0,,0
403,5705,5714,28,5715,5716,5717,5719,5720,5721,0,,1,1,1,1,1,1,1,1,1,0,0,Default,0
404,2991,5705,28,254,5716,5714,318,312,358,0,,1,1,1,1,1,1,1,1,1,0,0,Default,0
405,1639,312,318,5715,3865,1652,28,5720,5721,0,,1,1,1,1,1,1,1,1,1,0,0,Default,0
406,1639,312,318,5715,3865,1652,28,5720,5721,0,,1,1,1,1,1,1,1,1,1,0,0,,0
407,5705,5714,28,5717,318,5722,5723,406,5724,0,,1,1,1,1,1,1,1,1,1,0,0,Default,0
408,5705,5714,28,5716,5717,5719,5722,5723,5724,0,,1,1,1,1,1,1,1,1,1,0,0,Default,0
409,5705,3865,28,5716,5432,152,318,215,5724,0,,1,1,1,1,1,1,1,1,1,0,0,Default,0
410,5643,5645,28,5646,5647,5652,5654,5655,5660,0,,1,1,1,1,1,1,1,1,1,0,0,Default,0
411,5643,5645,28,5646,5647,5652,5654,5655,5660,0,,1,1,1,1,1,1,1,1,1,0,0,Default,0
412,5643,5645,28,5646,5647,5652,5654,5655,5660,0,,1,1,1,1,1,1,1,1,1,0,0,Default,0
413,5643,5645,28,5646,5647,5652,5654,5655,5660,0,,1,1,1,1,1,1,1,1,1,0,0,Default,0
414,5643,5645,28,5646,5647,5652,5654,5655,5660,0,,1,1,1,1,1,1,1,1,1,0,0,Default,0
415,5643,5645,28,5646,5647,5652,5654,5655,5660,0,,1,1,1,1,1,1,1,1,1,0,0,Default,0
416,5643,5645,28,5646,5647,5652,5654,5655,5660,0,,1,1,1,1,1,1,1,1,1,0,0,Default,0
417,5643,5645,28,5646,5647,5652,5654,5655,5660,0,,1,1,1,1,1,1,1,1,1,0,0,Default,0
418,5643,5645,28,5646,5647,5652,5654,5655,5660,0,,1,1,1,1,1,1,1,1,1,0,0,Default,0
419,5643,5645,28,5646,5647,5652,5654,5655,5660,0,,1,1,1,1,1,1,1,1,1,0,0,Default,0
420,5643,5645,28,5646,5647,5652,5654,5655,5660,0,,1,1,1,1,1,1,1,1,1,0,0,Default,0
421,5643,5645,28,5646,5647,5652,5654,5655,5660,0,,1,1,1,1,1,1,1,1,1,0,0,Default,0
422,5643,5645,28,5646,5647,5652,5654,5655,5660,0,,1,1,1,1,1,1,1,1,1,0,0,Default,0
423,5643,5645,28,5646,5647,5652,5654,5655,5660,0,,1,1,1,1,1,1,1,1,1,0,0,Default,0
424,5643,5645,28,5646,5647,5652,5654,5655,5660,0,,1,1,1,1,1,1,1,1,1,0,0,Default,0
425,5643,5645,28,5646,5647,5652,5654,5655,5660,0,,1,1,1,1,1,1,1,1,1,0,0,Default,0
426,5643,5645,28,5646,5647,5652,5654,5655,5660,0,,1,1,1,1,1,1,1,1,1,0,0,Default,0
427,5643,5645,28,5646,5647,5652,5654,5655,5660,0,,1,1,1,1,1,1,1,1,1,0,0,Default,0
428,5643,5645,28,5646,5647,5652,5654,5655,5660,0,,1,1,1,1,1,1,1,1,1,0,0,Default,0
429,5643,5645,28,5646,5647,5652,5654,5655,5660,0,,1,1,1,1,1,1,1,1,1,0,0,Default,0
430,5643,3865,5646,28,5647,5652,5654,5655,416,0,,1,1,1,1,1,1,1,1,1,0,0,Default,0
431,5643,5645,5646,5654,5647,5652,5655,28,5660,0,,1,1,1,1,1,1,1,1,1,0,0,Default,0
432,5643,5646,5647,5652,5654,5660,5705,28,5716,0,,1,1,1,1,1,1,1,1,1,0,0,Default,0
433,5643,5645,5646,5647,5652,5654,5660,28,5705,0,,1,1,1,1,1,1,1,1,1,0,0,Default,0
434,5643,5645,5646,5647,5652,5654,5660,28,5705,0,,1,1,1,1,1,1,1,1,1,0,0,Default,0
435,5643,5645,5646,5647,5652,5654,5660,28,5705,0,,1,1,1,1,1,1,1,1,1,0,0,Default,0
436,5643,5645,5646,5647,5652,5654,5660,28,5705,0,,1,1,1,1,1,1,1,1,1,0,0,Default,0
437,303,215,28,416,5432,5654,318,5643,2991,0,,1,1,1,1,1,1,1,1,1,0,0,Default,0
438,5643,5645,28,5646,5647,5652,5654,5660,5705,0,,1,1,1,1,1,1,1,1,1,0,0,Default,0
439,5643,5645,28,5646,5647,5652,5654,5660,5705,0,,1,1,1,1,1,1,1,1,1,0,0,Default,0
440,5643,5645,28,5646,5647,5652,5654,5660,5667,0,,1,1,1,1,1,1,1,1,1,0,0,Default,0
441,5643,5645,28,5646,5647,5652,5654,5660,5667,0,,1,1,1,1,1,1,1,1,1,0,0,Default,0
442,5643,5645,28,5646,5647,5652,5654,5660,5667,0,,1,1,1,1,1,1,1,1,1,0,0,Default,0
443,5643,5645,28,5646,5647,5652,5654,5660,5667,0,,1,1,1,1,1,1,1,1,1,0,0,Default,0
444,5643,1652,5667,5645,5647,5652,5654,5660,28,0,,1,1,1,1,1,1,1,1,1,0,0,Default,0
445,5643,5646,5647,5654,5660,5667,5705,5716,28,0,,1,1,1,1,1,1,1,1,1,0,0,Default,0
446,5643,5646,5647,5654,5660,5667,5705,5716,28,0,,1,1,1,1,1,1,1,1,1,0,0,Default,0
447,5643,5646,5647,5654,5660,5667,5705,5716,28,0,,1,1,1,1,1,1,1,1,1,0,0,Default,0
448,5643,5646,5647,5654,5660,5667,5705,5716,28,0,,1,1,1,1,1,1,1,1,1,0,0,Default,0
449,5643,5646,5647,5654,5660,5667,5705,5716,28,0,,1,1,1,1,1,1,1,1,1,0,0,Default,0
450,5643,5646,5647,5654,5660,5667,5705,5716,28,0,,1,1,1,1,1,1,1,1,1,0,0,Default,0
451,5643,5646,5647,5654,5660,5667,5705,5716,28,0,,1,1,1,1,1,1,1,1,1,0,0,Default,0
452,5643,5646,5647,5654,5660,5667,5705,5716,28,0,,1,1,1,1,1,1,1,1,1,0,0,Default,0
453,5643,5646,5647,5654,5660,5667,5705,5716,28,0,,1,1,1,1,1,1,1,1,1,0,0,Default,0
454,5643,5646,5647,5654,5660,5667,5705,5716,28,0,,1,1,1,1,1,1,1,1,1,0,0,Default,0
455,5643,5646,5647,5654,5660,5667,5705,5716,28,0,,1,1,1,1,1,1,1,1,1,0,0,Default,0
456,5643,5646,5647,5654,5660,5667,5705,5716,28,0,,1,1,1,1,1,1,1,1,1,0,0,Default,0
457,5643,5646,5441,5647,28,5667,5705,5716,5654,0,,1,1,1,1,1,1,1,1,1,0,0,Default,0
458,5643,5646,5441,5647,28,5667,5705,5716,5654,0,,1,1,1,1,1,1,1,1,1,0,0,,0
459,1324,406,212,5667,816,28,5496,5660,5726,0,,1,1,1,1,1,1,1,1,1,0,0,Default,0
460,5660,5667,5705,5717,5719,28,5724,5725,5727,0,,1,1,1,1,1,1,1,1,1,0,0,Default,0
461,5660,28,5705,5717,5719,5667,5724,5725,5727,0,,1,1,1,1,1,1,1,1,1,0,0,Default,0
462,5667,28,5705,5724,5728,5729,5730,5731,5732,0,,1,1,1,1,1,1,1,1,1,0,0,Default,0
463,5667,28,5705,5724,5728,5729,5730,5731,5732,0,,1,1,1,1,1,1,1,1,1,0,0,Default,0
464,5660,28,5667,5705,5717,5724,5725,5727,5728,0,,1,1,1,1,1,1,1,1,1,0,0,Default,0
465,5660,28,5667,5705,5717,5724,5725,5727,5728,0,,1,1,1,1,1,1,1,1,1,0,0,Default,0
466,5660,28,5667,5705,5717,5724,5725,5727,5728,0,,1,1,1,1,1,1,1,1,1,0,0,Default,0
467,5660,28,5667,5705,5717,5724,5725,5727,5728,0,,1,1,1,1,1,1,1,1,1,0,0,Default,0
468,416,369,5667,28,5717,5724,248,198,5728,0,,1,1,1,1,1,1,1,1,1,0,0,Default,0
469,5660,5667,5705,28,5717,5725,5728,5729,5730,0,,1,1,1,1,1,1,1,1,1,0,0,Default,0
470,5660,5667,5705,28,5717,5724,5725,5728,5729,0,,1,1,1,1,1,1,1,1,1,0,0,Default,0
471,5660,5667,5705,28,5717,5724,5725,5728,5729,0,,1,1,1,1,1,1,1,1,1,0,0,Default,0
472,5660,5667,5705,28,5717,5724,5725,5728,5729,0,,1,1,1,1,1,1,1,1,1,0,0,Default,0
473,5660,5667,5705,28,5717,5724,5725,5728,5729,0,,1,1,1,1,1,1,1,1,1,0,0,Default,0
474,5660,5667,5705,28,5717,5724,5725,5728,5729,0,,1,1,1,1,1,1,1,1,1,0,0,Default,0
475,5660,5667,5705,28,5717,5724,5725,5728,5729,0,,1,1,1,1,1,1,1,1,1,0,0,Default,0
476,5643,5645,5646,28,5654,5660,5667,5668,5671,0,,1,1,1,1,1,1,1,1,1,0,0,Default,0
477,5643,5645,5646,28,5654,5660,5667,5668,5671,0,,1,1,1,1,1,1,1,1,1,0,0,Default,0
478,5643,5645,5646,28,5654,5660,5667,5668,5671,0,,1,1,1,1,1,1,1,1,1,0,0,Default,0
479,5643,5645,5646,28,5654,5660,5667,5668,5671,0,,1,1,1,1,1,1,1,1,1,0,0,Default,0
480,5643,5645,5646,28,5654,5660,5667,5668,5671,0,,1,1,1,1,1,1,1,1,1,0,0,Default,0
481,5643,5645,5646,28,5654,5660,5667,5668,5671,0,,1,1,1,1,1,1,1,1,1,0,0,Default,0
482,5643,5645,5646,28,5654,5660,5667,5668,5671,0,,1,1,1,1,1,1,1,1,1,0,0,Default,0
483,5643,5645,5646,28,5654,5660,5667,5668,5671,0,,1,1,1,1,1,1,1,1,1,0,0,Default,0
484,5643,5645,5646,28,5654,5660,5667,5668,5671,0,,1,1,1,1,1,1,1,1,1,0,0,Default,0
485,5643,5645,5646,28,5654,5660,5667,5668,5671,0,,1,1,1,1,1,1,1,1,1,0,0,Default,0
486,5643,5645,5646,28,5654,5660,5667,5668,5671,0,,1,1,1,1,1,1,1,1,1,0,0,Default,0
487,5643,5645,5646,28,5654,5660,5667,5668,5671,0,,1,1,1,1,1,1,1,1,1,0,0,Default,0
488,5643,5645,5646,28,5654,5660,5667,5668,5671,0,,1,1,1,1,1,1,1,1,1,0,0,Default,0
489,5643,5645,5646,28,5654,5660,5667,5668,5671,0,,1,1,1,1,1,1,1,1,1,0,0,Default,0
490,5643,5645,5646,28,5654,5660,5667,5668,5671,0,,1,1,1,1,1,1,1,1,1,0,0,Default,0
491,5643,5645,5646,28,5654,5660,5667,5668,5671,0,,1,1,1,1,1,1,1,1,1,0,0,Default,0
492,5643,5645,5646,28,5654,5660,5667,5668,5671,0,,1,1,1,1,1,1,1,1,1,0,0,Default,0
493,5643,5645,5646,28,5654,5660,5667,5668,5671,0,,1,1,1,1,1,1,1,1,1,0,0,Default,0
494,5643,5645,5646,28,5654,5660,5667,5668,5671,0,,1,1,1,1,1,1,1,1,1,0,0,Default,0
495,5643,5645,5646,28,5654,5660,5667,5668,5671,0,,1,1,1,1,1,1,1,1,1,0,0,Default,0
496,5643,5645,5646,28,5654,5660,5667,5668,5671,0,,1,1,1,1,1,1,1,1,1,0,0,Default,0
497,5643,5645,5646,28,5654,5660,5667,5668,5671,0,,1,1,1,1,1,1,1,1,1,0,0,Default,0
498,5643,5645,5646,28,5654,5660,5667,5668,5671,0,,1,1,1,1,1,1,1,1,1,0,0,Default,0
499,5643,5645,5646,28,5654,5660,5667,5668,5671,0,,1,1,1,1,1,1,1,1,1,0,0,Default,0
500,5643,5645,5646,28,5654,5660,5667,5668,5671,0,,1,1,1,1,1,1,1,1,1,0,0,Default,0
501,5643,5645,5646,28,5654,5660,5667,5668,5671,0,,1,1,1,1,1,1,1,1,1,0,0,Default,0
502,5643,5645,5646,28,5654,5660,5667,5668,5671,0,,1,1,1,1,1,1,1,1,1,0,0,Default,0
503,5643,5645,5646,28,5654,5660,5667,5668,5671,0,,1,1,1,1,1,1,1,1,1,0,0,Default,0
504,5643,5645,5646,28,5654,5660,5667,5668,5671,0,,1,1,1,1,1,1,1,1,1,0,0,Default,0
505,5643,5645,5646,28,5654,5660,5667,5668,5671,0,,1,1,1,1,1,1,1,1,1,0,0,Default,0
506,5643,5645,5646,28,5654,5660,5667,5668,5671,0,,1,1,1,1,1,1,1,1,1,0,0,Default,0
507,5643,5645,5646,28,5654,5660,5667,5668,5671,0,,1,1,1,1,1,1,1,1,1,0,0,Default,0
508,5643,5645,5646,28,5654,5660,5667,5668,5671,0,,1,1,1,1,1,1,1,1,1,0,0,Default,0
509,5643,5645,5646,28,5654,5660,5667,5668,5671,0,,1,1,1,1,1,1,1,1,1,0,0,Default,0
510,5643,5645,5646,28,5654,5660,5667,5668,5671,0,,1,1,1,1,1,1,1,1,1,0,0,Default,0
511,5643,5645,5646,28,5654,5660,5667,5668,5671,0,,1,1,1,1,1,1,1,1,1,0,0,Default,0
512,5643,5645,5646,28,5654,5660,5667,5668,5671,0,,1,1,1,1,1,1,1,1,1,0,0,Default,0
513,5643,5645,5646,28,5654,5660,5667,5668,5671,0,,1,1,1,1,1,1,1,1,1,0,0,Default,0
514,5643,5645,5646,28,5654,5660,5667,5668,5671,0,,1,1,1,1,1,1,1,1,1,0,0,Default,0
515,5643,5645,5646,28,5654,5660,5667,5668,5671,0,,1,1,1,1,1,1,1,1,1,0,0,Default,0
516,5643,5645,5646,28,5654,5660,5667,5668,5671,0,,1,1,1,1,1,1,1,1,1,0,0,Default,0
517,5643,5645,5646,28,5654,5660,5667,5668,5671,0,,1,1,1,1,1,1,1,1,1,0,0,Default,0
518,5643,5645,5646,28,5654,5660,5667,5668,5671,0,,1,1,1,1,1,1,1,1,1,0,0,Default,0
519,5643,5645,5646,28,5654,5660,5667,5668,5671,0,,1,1,1,1,1,1,1,1,1,0,0,Default,0
520,5646,5654,5660,28,5671,5705,5717,5724,5725,0,,1,1,1,1,1,1,1,1,1,0,0,Default,0
521,5646,5654,5660,28,5671,5705,5717,5724,5725,0,,1,1,1,1,1,1,1,1,1,0,0,Default,0
522,5646,5654,5660,28,5671,5705,5717,5724,5725,0,,1,1,1,1,1,1,1,1,1,0,0,Default,0
523,5646,5654,5660,28,5671,5705,5717,5724,5725,0,,1,1,1,1,1,1,1,1,1,0,0,Default,0
524,5646,5654,5660,28,5671,5705,5717,5724,5725,0,,1,1,1,1,1,1,1,1,1,0,0,Default,0
525,5646,5654,5660,28,5671,5705,5717,5724,5725,0,,1,1,1,1,1,1,1,1,1,0,0,Default,0
526,5646,5654,5660,28,5671,5705,5717,5724,5725,0,,1,1,1,1,1,1,1,1,1,0,0,Default,0
527,5646,5654,5660,28,5671,5705,5717,5724,5725,0,,1,1,1,1,1,1,1,1,1,0,0,Default,0
528,5646,5654,5660,28,5671,5705,5717,5724,5725,0,,1,1,1,1,1,1,1,1,1,0,0,Default,0
529,5646,5654,5660,28,5671,5705,5717,5724,5725,0,,1,1,1,1,1,1,1,1,1,0,0,Default,0
530,5646,5654,5660,28,5671,5705,5717,5724,5725,0,,1,1,1,1,1,1,1,1,1,0,0,Default,0
531,5646,5654,5660,28,5671,5705,5717,5724,5725,0,,1,1,1,1,1,1,1,1,1,0,0,Default,0
532,5646,5654,5660,28,5671,5705,5717,5724,5725,0,,1,1,1,1,1,1,1,1,1,0,0,Default,0
533,5646,5654,5660,28,5671,5705,5717,5724,5725,0,,1,1,1,1,1,1,1,1,1,0,0,Default,0
534,5646,5654,5660,28,5671,5705,5717,5724,5725,0,,1,1,1,1,1,1,1,1,1,0,0,Default,0
535,5646,5654,5660,28,5671,5705,5717,5724,5725,0,,1,1,1,1,1,1,1,1,1,0,0,Default,0
536,5643,5645,5646,28,5654,5660,5667,5671,5672,0,,1,1,1,1,1,1,1,1,1,0,0,Default,0
537,5643,5645,5646,28,5654,5660,5667,5671,5672,0,,1,1,1,1,1,1,1,1,1,0,0,Default,0
538,5643,5645,5646,28,5654,5660,5667,5671,5672,0,,1,1,1,1,1,1,1,1,1,0,0,Default,0
539,5643,5645,5646,28,5654,5660,5667,5671,5672,0,,1,1,1,1,1,1,1,1,1,0,0,Default,0
540,5643,5645,5646,28,5654,5660,5667,5671,5672,0,,1,1,1,1,1,1,1,1,1,0,0,Default,0
541,5643,5645,5646,28,5654,5660,5667,5671,5672,0,,1,1,1,1,1,1,1,1,1,0,0,Default,0
542,5643,5645,5646,28,5654,5660,5667,5671,5672,0,,1,1,1,1,1,1,1,1,1,0,0,Default,0
543,5643,5645,5646,28,5654,5660,5667,5671,5672,0,,1,1,1,1,1,1,1,1,1,0,0,Default,0
544,5643,5645,5646,28,5654,5660,5667,5671,5672,0,,1,1,1,1,1,1,1,1,1,0,0,Default,0
545,5643,5645,5646,28,5654,5660,5667,5671,5672,0,,1,1,1,1,1,1,1,1,1,0,0,Default,0
546,5643,5645,5646,28,5654,5660,5667,5671,5672,0,,1,1,1,1,1,1,1,1,1,0,0,Default,0
547,5643,5645,5646,28,5654,5660,5667,5671,5672,0,,1,1,1,1,1,1,1,1,1,0,0,Default,0
548,5643,5645,5646,28,5654,5660,5667,5671,5672,0,,1,1,1,1,1,1,1,1,1,0,0,Default,0
549,5643,5645,5646,28,5654,5660,5667,5671,5672,0,,1,1,1,1,1,1,1,1,1,0,0,Default,0
550,5643,5645,5646,28,5654,5660,5667,5671,5672,0,,1,1,1,1,1,1,1,1,1,0,0,Default,0
551,5643,5645,5646,28,5654,5660,5667,5671,5672,0,,1,1,1,1,1,1,1,1,1,0,0,Default,0
552,5643,5645,5646,28,5654,5660,5667,5671,5672,0,,1,1,1,1,1,1,1,1,1,0,0,Default,0
553,5643,5645,5646,28,5654,5660,5667,5671,5672,0,,1,1,1,1,1,1,1,1,1,0,0,Default,0
554,5643,5645,5646,28,5654,5660,5667,5671,5672,0,,1,1,1,1,1,1,1,1,1,0,0,Default,0
555,5643,5645,5646,28,5654,5660,5667,5671,5672,0,,1,1,1,1,1,1,1,1,1,0,0,Default,0
556,5643,5645,5646,28,5654,5660,5667,5671,5672,0,,1,1,1,1,1,1,1,1,1,0,0,Default,0
557,5643,5645,5646,28,5654,5660,5667,5671,5672,0,,1,1,1,1,1,1,1,1,1,0,0,Default,0
558,5643,5645,5646,28,5654,5660,5667,5671,5672,0,,1,1,1,1,1,1,1,1,1,0,0,Default,0
559,5643,5645,5646,28,5654,5660,5667,5671,5672,0,,1,1,1,1,1,1,1,1,1,0,0,Default,0
560,5643,5645,5646,28,5654,5660,5667,5671,5672,0,,1,1,1,1,1,1,1,1,1,0,0,Default,0
561,5643,5645,5646,28,5654,5660,5667,5671,5672,0,,1,1,1,1,1,1,1,1,1,0,0,Default,0
562,5643,5645,5646,28,5654,5660,5667,5671,5672,0,,1,1,1,1,1,1,1,1,1,0,0,Default,0
563,5643,5645,5646,28,5654,5660,5667,5671,5672,0,,1,1,1,1,1,1,1,1,1,0,0,Default,0
564,5643,5645,5646,28,5654,5660,5667,5671,5672,0,,1,1,1,1,1,1,1,1,1,0,0,Default,0
565,5643,5645,5646,28,5654,5660,5667,5671,5672,0,,1,1,1,1,1,1,1,1,1,0,0,Default,0
566,5643,5645,5646,28,5654,5660,5667,5671,5672,0,,1,1,1,1,1,1,1,1,1,0,0,Default,0
567,5643,5645,5646,28,5654,5660,5667,5671,5672,0,,1,1,1,1,1,1,1,1,1,0,0,Default,0
568,5643,5645,5646,28,5654,5660,5667,5671,5672,0,,1,1,1,1,1,1,1,1,1,0,0,Default,0
569,5643,5645,5646,28,5654,5660,5667,5671,5672,0,,1,1,1,1,1,1,1,1,1,0,0,Default,1
