'RowID','LName','Default_Buyin','SmallBlind_Amount','BigBlind_Amount','Second_BB_Amount','NumBBDeep','BlindLength','Tournament','DeepStacked'
1,$.10/.25,50,0.1,0.25,0,100,0,0,0
2,$.25/$.50,100,0.25,0.5,0,100,0,0,0
3,$.50/$1,200,0.5,1,0,100,0,0,0
4,$1/$2,300,1,2,0,100,0,0,0
5,$2/$5,700,2,5,0,100,0,0,0
6,$5/$10,1500,5,10,0,100,0,0,0
7,$5/$10 Deep,1500,5,10,0,150,0,0,0
8,$10/$25,3500,10,25,0,100,0,0,0
9,$5/$10/$20,3000,5,10,20,100,0,0,0
10,$10/$20,1500,10,20,0,100,0,0,0
11,$2/$5/$10,700,2,5,10,100,0,0,0
26,Deep tourney,0,0,0,0,100,30,1,1
27,$1/$3,500,1,3,0,100,0,0,0
28,$3/$5,500,3,5,0,100,0,0,0
29,$2/$3,300,2,3,0,100,0,0,0
