'_id','fk_player_id','fk_location_id'
1,28,3
2,0,3
3,28,1
4,0,1
5,287,3
6,2711,3
7,3608,3
8,5315,3
9,4116,3
10,56,3
11,5322,3
12,190,3
13,3776,3
14,234,3
15,201,3
16,1824,3
17,4062,3
18,5114,3
19,5331,3
20,5330,3
21,318,3
22,32,4
23,2037,3
24,2800,3
25,2991,3
26,420,3
27,5337,3
28,248,3
29,3496,3
30,2676,3
31,4878,3
32,5332,3
33,4677,3
34,5318,3
35,473,3
36,816,3
37,854,3
38,4291,3
39,5336,3
40,5191,3
41,3745,3
42,5341,3
43,5140,3
44,4785,3
45,183,3
46,5340,3
47,5335,3
48,5339,3
49,5334,3
50,5343,3
51,5347,3
52,5342,3
53,107,3
54,206,3
55,4991,3
56,5338,3
57,83,3
58,5309,3
59,3867,3
60,5353,3
61,5351,3
62,5352,3
63,5358,3
64,5349,3
65,309,3
66,232,3
67,239,3
68,5020,3
69,4961,3
70,7,3
71,358,3
72,5326,3
73,144,3
74,369,3
75,5374,3
76,5370,3
77,5366,3
78,5376,3
79,394,3
80,5365,3
81,212,3
82,38,3
83,4570,3
84,303,3
85,464,3
86,5328,3
87,416,3
88,5382,3
89,1252,3
90,5372,3
91,147,3
92,3951,3
93,5386,3
94,310,3
95,240,3
96,5387,3
97,4589,3
98,4887,3
99,5380,3
100,385,7
101,3018,1
102,1394,3
103,871,3
104,5393,3
105,5395,3
106,406,3
107,5409,1
108,3778,3
109,5405,3
110,5419,3
111,203,3
112,3979,3
113,5423,3
114,286,3
115,5418,3
116,5417,3
117,5041,3
118,152,3
119,2678,3
120,4143,3
121,5345,3
122,5199,3
123,5369,3
124,5426,3
125,355,3
126,5428,3
127,5432,3
128,5434,3
129,4299,3
130,5437,3
131,2146,3
132,251,3
133,5364,3
134,5439,3
135,3867,31
136,318,31
137,0,31
138,5433,31
139,5446,31
140,1824,31
141,416,31
142,3868,31
143,3496,31
144,4960,31
145,5452,3
146,5445,3
147,4337,3
148,1639,3
149,198,3
150,5444,3
151,5449,3
152,5454,3
153,2803,3
154,372,3
155,250,3
156,3865,3
157,5443,3
158,5441,3
159,5464,3
160,5459,3
161,5467,3
162,5465,3
163,1146,3
164,5461,3
165,3868,3
166,5474,3
167,212,1
168,5123,3
169,4960,3
170,5475,3
171,5473,3
172,1652,3
173,5482,3
174,5196,3
175,5490,3
176,4929,3
177,5489,3
178,5492,3
179,5476,3
180,5472,3
181,4475,3
182,2844,3
183,4114,3
184,1327,3
185,5494,3
186,5496,3
187,2114,31
188,28,31
189,4961,31
190,215,31
191,5340,31
192,4568,31
193,5496,31
194,144,31
195,3819,31
196,5454,31
197,4562,31
198,5437,31
199,286,31
200,854,31
201,5502,31
202,4839,31
203,303,31
204,5493,31
205,5434,31
206,5449,31
207,5494,31
208,5464,31
209,5098,31
210,5504,31
211,5344,31
212,2678,31
213,4929,31
214,5443,31
215,5503,3
216,5505,3
217,4786,3
218,215,3
219,2114,3
220,5508,3
221,5502,3
222,1528,3
223,5512,3
224,3766,3
225,5517,3
226,5520,3
227,5514,3
228,5501,3
229,4562,3
230,195,3
231,1582,3
232,5528,3
233,3483,3
234,5531,3
235,5533,3
236,5538,3
237,5529,3
238,2673,3
239,5552,3
240,5545,3
241,5543,3
242,426,3
243,5557,3
244,1043,3
245,5561,3
246,5570,3
247,5116,3
248,5578,3
249,5321,3
250,5574,3
251,5582,3
252,5576,3
253,5583,3
254,5584,3
255,5524,3
256,5590,3
257,5589,3
258,1637,3
259,5585,3
260,5598,3
261,390,3
262,5602,3
263,5601,3
264,312,3
265,5605,3
266,5604,3
267,5609,3
268,5608,3
269,117,3
270,5610,3
271,5618,3
272,5613,3
273,4568,3
274,5607,3
275,5397,3
276,5612,3
277,5616,3
278,5363,3
279,28,7
280,5617,7
281,28,32
282,1324,3
283,5628,3
284,5629,3
285,3019,3
286,5619,3
287,3606,3
288,5631,3
289,5638,3
290,3819,3
291,5486,3
292,2064,3
293,5666,3
294,5681,3
295,5282,3
296,1249,3
297,5718,3
298,254,3
