'_id','fk_player_id','fk_stake_id'
1,28,3
2,28,6
3,0,1
4,0,6
5,28,1
6,0,1
7,28,3
8,0,3
9,28,3
10,0,3
11,28,3
12,0,3
13,28,3
14,0,3
15,28,1
16,0,1
17,28,1
18,0,1
19,28,3
20,0,3
21,28,3
22,0,1
23,28,1
24,0,1
25,287,6
26,2711,6
27,3608,6
28,5315,6
29,4116,6
30,56,6
31,5322,6
32,190,6
33,3776,6
34,234,6
35,201,6
36,1824,6
37,4062,6
38,5114,6
39,5331,6
40,5330,6
41,190,5
42,318,5
43,32,4
44,2037,5
45,318,6
46,2037,6
47,2800,6
48,2991,6
49,420,6
50,5337,6
51,248,6
52,3496,6
53,2676,6
54,4878,6
55,5332,5
56,4677,5
57,5337,5
58,5318,5
59,473,6
60,816,6
61,854,6
62,4291,6
63,5336,5
64,5191,6
65,3745,6
66,5341,6
67,5140,6
68,4785,5
69,183,5
70,5340,5
71,5335,5
72,5339,5
73,5334,5
74,0,5
75,5343,5
76,5347,5
77,5342,5
78,107,5
79,206,5
80,4991,5
81,5338,5
82,83,6
83,5338,6
84,5309,6
85,3867,6
86,5353,6
87,5351,6
88,5352,5
89,5358,5
90,5349,5
91,309,6
92,232,6
93,239,6
94,5020,6
95,4961,6
96,7,6
97,358,6
98,5326,6
99,2676,5
100,144,5
101,369,5
102,5374,5
103,5370,5
104,5366,6
105,5376,6
106,394,6
107,5365,6
108,107,6
109,212,6
110,38,6
111,4570,6
112,303,6
113,464,6
114,5328,6
115,28,5
116,416,6
117,5382,6
118,1252,6
119,5372,6
120,2991,5
121,147,5
122,3951,5
123,5386,6
124,310,6
125,240,6
126,5387,6
127,4589,6
128,4887,6
129,5380,6
130,385,6
131,3018,6
132,1394,6
133,871,6
134,5393,6
135,5395,6
136,406,6
137,5370,6
138,369,6
139,5409,6
140,3778,5
141,5405,5
142,5419,6
143,203,5
144,3979,5
145,5423,5
146,286,6
147,5418,6
148,5417,6
149,5041,6
150,152,6
151,28,8
152,2676,8
153,4570,8
154,2678,6
155,4143,6
156,5345,6
157,5199,6
158,816,5
159,5366,5
160,5369,5
161,5426,5
162,355,6
163,5428,6
164,5432,6
165,190,7
166,871,7
167,5434,7
168,369,7
169,3496,7
170,4299,7
171,0,7
172,5437,7
173,2146,7
174,240,7
175,416,7
176,251,6
177,5364,6
178,5434,6
179,5439,6
180,3867,5
181,5433,5
182,5446,5
183,3868,6
184,4960,6
185,4991,6
186,3951,6
187,5452,6
188,183,6
189,5445,6
190,4337,6
191,1639,6
192,5437,5
193,416,5
194,198,5
195,2800,5
196,5444,5
197,5437,6
198,5449,6
199,5454,6
200,3778,6
201,2803,6
202,473,7
203,28,7
204,7,7
205,2803,7
206,372,7
207,816,7
208,464,7
209,2991,7
210,250,7
211,3865,7
212,4878,7
213,5443,7
214,5441,7
215,358,7
216,5464,6
217,5459,6
218,5467,6
219,144,6
220,5465,6
221,5441,6
222,1146,5
223,5461,5
224,5461,6
225,5343,6
226,5474,6
227,212,5
228,5123,6
229,5443,6
230,318,9
231,287,9
232,416,9
233,5441,9
234,4960,9
235,5465,9
236,1146,6
237,5475,6
238,5473,6
239,1652,6
240,5482,6
241,5196,6
242,5490,6
243,4929,6
244,5489,5
245,5492,6
246,5489,6
247,198,6
248,5476,6
249,5472,6
250,4475,6
251,2844,6
252,4114,6
253,1327,6
254,5494,6
255,5496,6
256,2114,6
257,215,6
258,5340,6
259,4568,6
260,3819,6
261,4562,6
262,5502,6
263,4839,6
264,5493,6
265,5098,6
266,5504,6
267,5344,6
268,4960,5
269,5503,6
270,5505,6
271,4786,6
272,5508,6
273,1528,6
274,5512,6
275,3766,6
276,5517,6
277,5520,6
278,5514,6
279,5501,6
280,195,6
281,1582,6
282,5528,6
283,3483,6
284,5531,6
285,5533,6
286,5538,5
287,5529,5
288,2673,6
289,5552,6
290,5545,6
291,5543,6
292,426,5
293,5432,5
294,5557,5
295,1043,5
296,5561,5
297,5570,5
298,5561,6
299,5116,6
300,5578,5
301,240,5
302,5321,6
303,5574,6
304,5582,6
305,5576,6
306,5583,6
307,5584,6
308,5524,6
309,5590,6
310,5589,6
311,1637,6
312,5585,6
313,318,4
314,3776,5
315,5512,5
316,5598,6
317,2146,6
318,390,6
319,5602,6
320,5601,6
321,312,6
322,5605,6
323,5604,5
324,5609,6
325,5608,6
326,117,6
327,5610,6
328,5618,6
329,5613,6
330,5607,6
331,287,8
332,5116,8
333,0,8
334,5397,8
335,5612,6
336,5616,6
337,5363,6
338,5617,6
339,1324,6
340,5628,6
341,5629,6
342,3019,5
343,1652,5
344,5619,6
345,3606,6
346,5631,6
347,5638,6
348,5486,5
349,1528,5
350,2064,6
351,5666,6
352,250,6
353,5681,6
354,3865,6
355,5282,6
356,1249,5
357,5718,6
358,254,6
